code:main_date
A2:01,05,09
AG:02,06,12
AL:01,02,03,04,05,06,07,08,09,10,11,12
AO:删除
AP:01,05,10
AU:02,04,06,08,10,12
BC:01,02,03,04,05,06,07,08,09,10,11,12
BR:删除
BU:01,02,03,04,05,06,07,08,09,10,11,12
C2:01,03,05,07,09,11
CF:01,05,09  
CJ:01,05,09
CS:01,03,05,07,09,11
CU:01,02,03,04,05,06,07,08,09,10,11,12
CY:01,05,09
EB:01,02,03,04,05,06,07,08,09,10,11,12
EC:删除
EG:01,05,09
FG:01,05,09
FU:01,05,09
HC:01,05,10
I2:01,05,09
IC:01,02,03,04,05,06,07,08,09,10,11,12
IF:01,02,03,04,05,06,07,08,09,10,11,12
IH:01,02,03,04,05,06,07,08,09,10,11,12
IM:01,02,03,04,05,06,07,08,09,10,11,12
J2:01,05,09
JD:01,05,09
JM:01,05,09
L2:01,05,09
LC:删除
LH:01,03,05,07,09,11
LU:01,02,03,04,05,06,07,08,09,10,11,12
M2:01,05,09
MA:01,05,09
NI:01,02,03,04,05,06,07,08,09,10,11,12
NR:01,02,03,04,05,06,07,08,09,10,11,12
OI:01,05,09
P2:01,05,09
PB:01,02,03,04,05,06,07,08,09,10,11,12
PF:01,02,03,04,05,06,07,08,09,10,11,12
PG:01,02,03,04,05,06,07,08,09,10,11,12
PK:删除
PP:01,05,09
RB:01,05,10
RM:01,05,09
RR:删除
RU:01,05,09
SA:01,05,09
SC:01,02,03,04,05,06,07,08,09,10,11,12
SF:01,05,09
SI:删除
SM:01,05,09
SN:01,02,03,04,05,06,07,08,09,10,11,12
SP:01,05,09
SR:01,05,09
SS:01,02,03,04,05,06,07,08,09,10,11,12
T2:03,06,09,12
TA:01,05,09
TF:03,06,09,12
UR:01,05,09
V2:01,05,09
WR:01,05,10
Y2:01,05,09
ZN:01,02,03,04,05,06,07,08,09,10,11,12